CZ-6A DEB
1 54261U 22151C   22338.79798330  .00014040  00000+0  13605-2 0  9998
2 54261  98.6517 344.3730 0314516 135.7833 226.8969 14.62261454  3291
CZ-6A DEB
1 54262U 22151D   22338.81865788  .00000833  00000+0  91351-3 0  9994
2 54262  98.9620 342.5132 0285405   8.7705 351.8276 13.58734421  3076
CZ-6A DEB
1 54263U 22151E   22338.73341623  .00000298  00000+0  36255-3 0  9990
2 54263  99.0264 342.6924 0307578   4.5017 355.8778 13.54975195  3059
CZ-6A DEB
1 54264U 22151F   22338.73367451  .00000356  00000+0  44394-3 0  9996
2 54264  98.5702 339.6975 0356027  32.3993 329.8472 13.46077984  3038
CZ-6A DEB
1 54265U 22151G   22338.72774229  .00000471  00000+0  63325-3 0  9994
2 54265  98.9964 341.9167 0384511  18.1840 343.2615 13.37528759  3012
CZ-6A DEB
1 54266U 22151H   22338.59228848  .00000227  00000+0  33784-3 0  9996
2 54266  98.9609 341.4152 0414327  10.6210 350.3345 13.32201972  2989
CZ-6A DEB
1 54267U 22151J   22338.70927389  .00001178  00000+0  39108-3 0  9998
2 54267  98.9107 344.9154 0106267 151.6564 209.0459 14.36600238  3230
CZ-6A DEB
1 54268U 22151K   22338.75710037  .00000008  00000+0  34862-4 0  9998
2 54268  98.7726 342.5263 0123236  29.9689 330.8453 13.93538794  2607
CZ-6A DEB
1 54269U 22151L   22338.76607786  .00000230  00000+0  77722-4 0  9995
2 54269  98.7387 344.0949 0133811 222.0033 137.0834 14.41850755  2718
CZ-6A DEB
1 54270U 22151M   22338.84485206 -.00000015  00000+0  17326-4 0  9993
2 54270  98.8235 343.2109 0083114  24.5828 335.9266 14.01403600  2637
CZ-6A DEB
1 54271U 22151N   22338.56614967  .00009921  00000+0  54493-2 0  9999
2 54271  98.7471 342.4747 0211371 304.5808  53.5575 14.01204055  2612
CZ-6A DEB
1 54272U 22151P   22338.78658092  .00000910  00000+0  46182-3 0  9997
2 54272  98.9276 344.4090 0028990 281.7065  78.0857 14.18356013  2979
CZ-6A DEB
1 54273U 22151Q   22338.67128540  .00001595  00000+0  88666-3 0  9999
2 54273  98.8070 343.3269 0029771   4.3831 355.7596 14.12284752  2637
CZ-6A DEB
1 54274U 22151R   22338.56378102  .00049112  00000+0  15485-1 0  9993
2 54274  98.8291 343.7943 0240955 274.9110  82.4600 14.24782919  2653
CZ-6A DEB
1 54275U 22151S   22338.66834216  .00003176  00000+0  94117-3 0  9999
2 54275  98.9071 344.9535 0130518 230.2573 128.7055 14.39282430  2716
CZ-6A DEB
1 54276U 22151T   22338.55986639  .00000286  00000+0  29281-3 0  9994
2 54276  98.7409 341.4910 0208891  19.4516 341.4459 13.74480921  2561
CZ-6A DEB
1 54277U 22151U   22338.79919192  .00000218  00000+0  12815-3 0  9991
2 54277  98.8870 344.1416 0047589 285.3359  74.2559 14.17550090  2666
CZ-6A DEB
1 54278U 22151V   22338.70447855  .00002702  00000+0  14020-2 0  9994
2 54278  98.6145 342.1115 0146312 295.5494  63.0613 14.10235525  2653
CZ-6A DEB
1 54279U 22151W   22338.77212434  .00000492  00000+0  19413-3 0  9991
2 54279  98.6350 342.9495 0144030 259.4218  99.0712 14.28149411  2699
CZ-6A DEB
1 54280U 22151X   22338.47027155  .00001305  00000+0  50544-3 0  9998
2 54280  98.6559 342.8239 0089206 243.6145 115.5859 14.29556440  2651
CZ-6A DEB
1 54281U 22151Y   22338.82575604  .00000279  00000+0  11059-3 0  9992
2 54281  98.6448 343.2596 0103958 234.3085 124.8390 14.33613515  2713
CZ-6A DEB
1 54282U 22151Z   22338.66458407  .00002887  00000+0  10341-2 0  9995
2 54282  98.6282 342.8831 0123368 251.5884 107.1852 14.30600522  2686
CZ-6A DEB
1 54283U 22151AA  22338.74335941  .00000263  00000+0  17843-3 0  9993
2 54283  98.7890 343.1228 0054056  30.9964 329.4377 14.07729867  2658
CZ-6A DEB
1 54284U 22151AB  22338.66672662  .00001428  00000+0  85368-3 0  9990
2 54284  98.8177 343.2363 0049789  19.6823 340.6254 14.08104145  2649
CZ-6A DEB
1 54285U 22151AC  22338.76597137  .00001440  00000+0  94507-3 0  9994
2 54285  98.8147 343.0988 0082444  28.8758 331.6934 14.01900558  2642
CZ-6A DEB
1 54286U 22151AD  22338.70449318  .00003103  00000+0  77181-3 0  9993
2 54286  98.6972 343.9227 0150537 218.8702 140.1587 14.45883357  2722
CZ-6A DEB
1 54287U 22151AE  22337.97568218  .00011088  00000+0  21407-2 0  9993
2 54287  98.7033 343.4759 0185828 220.0752 138.6611 14.53137461  2624
CZ-6A DEB
1 54288U 22151AF  22338.77884827  .00002078  00000+0  46726-3 0  9991
2 54288  98.7846 344.7068 0161268 210.5705 148.6014 14.49952278  2734
CZ-6A DEB
1 54289U 22151AG  22338.75390796  .00000108  00000+0  89281-4 0  9993
2 54289  98.8064 343.2153 0055648  26.2208 334.1760 14.07068914  2651
CZ-6A DEB
1 54290U 22151AH  22338.75315196  .00000309  00000+0  12781-3 0  9999
2 54290  98.5708 342.5740 0127632 254.0934 104.6152 14.29351592  2699
CZ-6A DEB
1 54291U 22151AJ  22338.79068982  .00000221  00000+0  16022-3 0  9997
2 54291  98.8049 343.1586 0081380 333.6193  26.0841 14.04775982  2650
CZ-6A DEB
1 54292U 22151AK  22338.78135691 -.00000054  00000+0 -68837-5 0  9998
2 54292  98.8255 343.2963 0062953  22.4235 337.9663 14.05354004  2650
CZ-6A DEB
1 54293U 22151AL  22338.44784814  .00000315  00000+0  16184-3 0  9993
2 54293  98.8158 343.5114 0040163 256.5789 103.0910 14.21959754  2633
CZ-6A DEB
1 54294U 22151AM  22338.44609001  .00002700  00000+0  61197-3 0  9992
2 54294  98.8525 344.7559 0162732 216.1702 142.8398 14.49173468  2688
CZ-6A DEB
1 54295U 22151AN  22338.72543351  .00002340  00000+0  10986-2 0  9998
2 54295  98.7422 343.0322 0174437 287.8551  70.3663 14.13357802  2661
CZ-6A DEB
1 54296U 22151AP  22337.75972131  .00001047  00000+0  45896-3 0  9995
2 54296  98.8684 343.2724 0032833 192.3990 167.6384 14.25597766  2546
CZ-6A DEB
1 54297U 22151AQ  22338.80329450  .00000908  00000+0  43120-3 0  9996
2 54297  98.7535 343.4711 0027568 132.5752 227.7758 14.21745616  2694
CZ-6A DEB
1 54298U 22151AR  22338.70497071  .00000047  00000+0  54035-4 0  9993
2 54298  98.7649 342.8625 0062889  28.0707 332.3830 14.05683499  2654
CZ-6A DEB
1 54299U 22151AS  22338.54411491 -.00000011  00000+0  18691-4 0  9998
2 54299  98.8127 343.0420 0055276  18.7099 341.6085 14.06844278  2600
CZ-6A DEB
1 54300U 22151AT  22338.82604215  .00000857  00000+0  53084-3 0  9991
2 54300  98.9037 343.8819 0060840 344.0066  15.9180 14.07018217  2644
CZ-6A DEB
1 54301U 22151AU  22338.75141771  .00000456  00000+0  29410-3 0  9998
2 54301  98.9027 343.8101 0056775 351.4881   8.5319 14.07229148  2635
CZ-6A DEB
1 54302U 22151AV  22338.68132114  .00001716  00000+0  42700-3 0  9999
2 54302  98.9630 345.6278 0141298 169.7623 190.6499 14.47327654  2716
CZ-6A DEB
1 54303U 22151AW  22338.72675917  .00000129  00000+0  99145-4 0  9991
2 54303  98.8340 343.4196 0047548  27.1219 333.2420 14.08765171  2637
CZ-6A DEB
1 54304U 22151AX  22338.72918464  .00000897  00000+0  54115-3 0  9998
2 54304  98.8353 343.4234 0046732  14.5478 345.7025 14.08629395  2632
CZ-6A DEB
1 54305U 22151AY  22338.57563401  .00000214  00000+0  11354-3 0  9990
2 54305  98.8198 343.6948 0056344 121.1823 239.4896 14.22781289  2657
CZ-6A DEB
1 54306U 22151AZ  22338.78012660  .00000212  00000+0  14417-3 0  9991
2 54306  98.8176 343.4083 0041069  17.5268 342.7309 14.09873480  2647
CZ-6A DEB
1 54307U 22151BA  22338.69511121  .00003699  00000+0  12400-2 0  9999
2 54307  98.6178 342.9421 0131227 246.8757 111.8553 14.33131239  2679
CZ-6A DEB
1 54308U 22151BB  22338.75501833  .00004542  00000+0  15175-2 0  9996
2 54308  98.6976 343.5231 0122780 242.9223 115.9391 14.33760589  2683
CZ-6A DEB
1 54309U 22151BC  22338.77124137  .00000257  00000+0  16778-3 0  9997
2 54309  98.8170 343.4182 0038097  16.1383 344.0992 14.10430729  2644
CZ-6A DEB
1 54310U 22151BD  22338.71422595  .00006578  00000+0  18732-2 0  9995
2 54310  98.6118 343.2086 0127965 223.6336 135.4679 14.40899519  2714
CZ-6A DEB
1 54311U 22151BE  22338.70542806  .00003528  00000+0  10998-2 0  9991
2 54311  98.6976 343.5907 0127939 235.6852 123.2171 14.36923297  2683
CZ-6A DEB
1 54312U 22151BF  22338.75987475  .00001618  00000+0  77947-3 0  9998
2 54312  98.9683 344.7000 0024175 263.6573  96.1849 14.20052872  2672
CZ-6A DEB
1 54313U 22151BG  22338.69329036  .00004936  00000+0  15131-2 0  9997
2 54313  98.6941 343.5867 0125079 232.2390 126.7413 14.37731775  2681
CZ-6A DEB
1 54314U 22151BH  22338.67822463  .00005918  00000+0  15403-2 0  9991
2 54314  98.6179 343.2976 0152897 228.7233 130.0707 14.43198166  2690
CZ-6A DEB
1 54315U 22151BJ  22338.50340628  .00000198  00000+0  13688-3 0  9991
2 54315  98.8327 343.2153 0045191  30.7834 329.5972 14.09418988  2600
CZ-6A DEB
1 54316U 22151BK  22338.00450945  .00000475  00000+0  29356-3 0  9998
2 54316  98.7969 342.5130 0042336  16.3656 343.8870 14.09552939  2543
CZ-6A DEB
1 54317U 22151BL  22338.51347331  .00005862  00000+0  11175-2 0  9993
2 54317  98.7108 344.1104 0186284 215.2868 143.5880 14.53873577  2699
CZ-6A DEB
1 54318U 22151BM  22338.75582960  .00000683  00000+0  42939-3 0  9998
2 54318  98.8158 343.2696 0055300  21.0357 339.3069 14.06962629  2635
CZ-6A DEB
1 54319U 22151BN  22337.97821022  .00010807  00000+0  24917-2 0  9991
2 54319  98.6597 342.8692 0201372 243.8153 114.2207 14.43752572  2608
CZ-6A DEB
1 54320U 22151BP  22338.86720443  .00000357  00000+0  29361-3 0  9995
2 54320  98.8420 342.9710 0136466 353.1770   6.7529 13.91183286  2637
CZ-6A DEB
1 54321U 22151BQ  22338.77884146  .00001071  00000+0  34684-3 0  9995
2 54321  98.6880 343.5940 0127821 235.7117 123.1914 14.36613609  2698
CZ-6A DEB
1 54322U 22151BR  22338.70777152  .00005089  00000+0  11397-2 0  9995
2 54322  98.7326 344.1491 0197742 236.8545 121.3537 14.45728526  2718
CZ-6A DEB
1 54323U 22151BS  22338.76098276  .00000356  00000+0  23700-3 0  9999
2 54323  98.8080 343.2164 0055998   6.3230 353.8634 14.06634119  2655
CZ-6A DEB
1 54324U 22151BT  22338.49030938  .00051931  00000+0  14630-2 0  9997
2 54324  98.6595 345.2245 0350507 203.8738 154.5881 14.92466741  2769
CZ-6A DEB
1 54325U 22151BU  22338.74863092  .00000229  00000+0  14825-3 0  9992
2 54325  98.7845 343.2471 0034181  34.5884 325.7502 14.11846920  2658
CZ-6A DEB
1 54326U 22151BV  22338.61780251  .00038031  00000+0  37156-2 0  9997
2 54326  99.0840 347.0478 0288454 229.6596 127.9087 14.65909009  2734
CZ-6A DEB
1 54327U 22151BW  22338.74025906  .00000589  00000+0  36753-3 0  9991
2 54327  98.7884 343.1232 0050936  22.7764 337.5650 14.07931085  2634
CZ-6A DEB
1 54328U 22151BX  22338.70062692  .00003712  00000+0  91305-3 0  9996
2 54328  98.7286 344.1260 0151928 219.0908 139.9228 14.46147112  2703
CZ-6A DEB
1 54329U 22151BY  22338.65924597  .00002169  00000+0  49080-3 0  9990
2 54329  98.7359 344.2296 0169682 153.3337 207.6707 14.48771068  2707
CZ-6A DEB
1 54330U 22151BZ  22338.65912319  .00001418  00000+0  70609-3 0  9998
2 54330  98.8026 343.4778 0063156  95.9944 264.8433 14.17511465  2644
CZ-6A DEB
1 54331U 22151CA  22338.77498124  .00000483  00000+0  38119-3 0  9996
2 54331  98.7981 342.6595 0126456  26.2221 334.5270 13.92442085  2614
CZ-6A DEB
1 54332U 22151CB  22338.67273550  .00001110  00000+0  57263-3 0  9999
2 54332  98.8003 343.4451 0043338  88.5929 272.0210 14.16644187  2652
CZ-6A DEB
1 54333U 22151CC  22338.65446125  .00003699  00000+0  10585-2 0  9997
2 54333  98.7065 343.7189 0138601 230.8788 128.0011 14.40193620  2718
CZ-6A DEB
1 54334U 22151CD  22338.66350330  .00003732  00000+0  10849-2 0  9992
2 54334  98.7081 343.7159 0136417 231.5207 127.3679 14.39614920  2712
CZ-6A DEB
1 54335U 22151CE  22338.72129256  .00000597  00000+0  36424-3 0  9995
2 54335  98.7958 343.1925 0051396  41.8371 318.6710 14.09120362  2661
CZ-6A DEB
1 54336U 22151CF  22338.77072144  .00000278  00000+0  19230-3 0  9996
2 54336  98.8076 343.2011 0061528  28.7846 331.6695 14.06025543  2670
CZ-6A DEB
1 54337U 22151CG  22338.24858853  .00000311  00000+0  20747-3 0  9991
2 54337  98.8208 342.8276 0052110  21.1223 339.2082 14.07554552  2604
CZ-6A DEB
1 54338U 22151CH  22338.78589039  .00000905  00000+0  53749-3 0  9995
2 54338  98.8303 343.4851 0043101  20.5733 339.7161 14.09526427  2689
CZ-6A DEB
1 54339U 22151CJ  22338.78557638  .00000264  00000+0  17393-3 0  9999
2 54339  98.8074 343.3412 0044090  27.8720 332.4799 14.09533291  2685
CZ-6A DEB
1 54340U 22151CK  22338.76601232  .00002905  00000+0  64194-3 0  9994
2 54340  98.7106 344.2541 0156291 201.7394 157.7118 14.50795472  2738
CZ-6A DEB
1 54341U 22151CL  22338.58363252  .00000776  00000+0  39659-3 0  9994
2 54341  98.8053 343.4295 0051584  97.0182 263.6863 14.17807274  2649
CZ-6A DEB
1 54342U 22151CM  22338.74189074  .00000242  00000+0  16611-3 0  9992
2 54342  98.7993 343.1866 0053103  30.1685 330.2524 14.07820736  2640
CZ-6A DEB
1 54343U 22151CN  22338.78338920  .00000138  00000+0  10271-3 0  9993
2 54343  98.8136 343.3819 0042794  24.9024 335.4199 14.09667470  2655
CZ-6A DEB
1 54344U 22151CP  22338.76050263 -.00000057  00000+0 -81686-5 0  9995
2 54344  98.8221 343.3024 0057303  25.3948 335.0017 14.06654454  2640
CZ-6A DEB
1 54345U 22151CQ  22338.46361397  .00002686  00000+0  12205-2 0  9992
2 54345  98.7052 342.8124 0078397 272.0328  87.1872 14.21011180  2639
CZ-6A DEB
1 54346U 22151CR  22338.74016889  .00002826  00000+0  66660-3 0  9998
2 54346  98.6506 343.7460 0154458 213.5173 145.6173 14.48039217  2721
CZ-6A DEB
1 54347U 22151CS  22338.57751996  .00000316  00000+0  13928-3 0  9996
2 54347  98.7132 343.1990 0107157 256.6039 102.3178 14.27147244  2668
CZ-6A DEB
1 54348U 22151CT  22338.79883176  .00000754  00000+0  28601-3 0  9997
2 54348  98.6943 343.4409 0107464 245.1123 113.8859 14.30897649  2707
CZ-6A DEB
1 54349U 22151CU  22338.74949057  .00000454  00000+0  19928-3 0  9993
2 54349  98.7107 343.2829 0112603 262.4939  96.3436 14.25137659  2688
CZ-6A DEB
1 54350U 22151CV  22338.69758006  .00000245  00000+0  10359-3 0  9998
2 54350  98.8159 344.1668 0069687 174.0662 186.1363 14.32879128  2693
CZ-6A DEB
1 54351U 22151CW  22338.60103654  .00007471  00000+0  47364-2 0  9996
2 54351  99.0207 344.0085 0203949 316.2540  42.2615 13.94489113  2598
CZ-6A DEB
1 54352U 22151CX  22338.70934898  .00003800  00000+0  93898-3 0  9996
2 54352  99.1013 346.3021 0202086 246.3417 111.6445 14.41126583  2715
CZ-6A DEB
1 54353U 22151CY  22338.68242111  .00003370  00000+0  10275-2 0  9993
2 54353  99.1401 346.2352 0178601 255.0174 103.1178 14.33917385  2690
CZ-6A DEB
1 54354U 22151CZ  22338.50309130  .00003722  00000+0  10453-2 0  9999
2 54354  98.8132 344.1004 0190341 251.9618 106.0747 14.36502279  2679
CZ-6A DEB
1 54355U 22151DA  22338.57293417  .00157197  00000+0  74365-2 0  9995
2 54355  98.7983 345.9902 0288157 199.3479 159.6616 14.89113957  2771
CZ-6A DEB
1 54356U 22151DB  22338.71310767  .00002034  00000+0  89316-3 0  9992
2 54356  98.9593 344.7104 0080387 264.6851  94.5150 14.23021701  2679
CZ-6A DEB
1 54357U 22151DC  22338.60340369  .00218382  00000+0  68652-2 0  9996
2 54357  99.1646 348.6760 0304310 203.7034 154.9916 14.97756441  2796
CZ-6A DEB
1 54358U 22151DD  22338.64100486  .00002911  00000+0  65028-3 0  9999
2 54358  98.5507 343.0925 0159794 209.7249 149.4794 14.49982350  2729
CZ-6A DEB
1 54359U 22151DE  22338.58370886  .00005107  00000+0  12481-2 0  9990
2 54359  99.0783 345.9928 0212283 249.5703 108.2574 14.40310446  2671
CZ-6A DEB
1 54360U 22151DF  22338.69139147  .00000779  00000+0  40356-3 0  9990
2 54360  98.6539 342.5219 0093947 288.6224  70.4767 14.15463752  2685